0.000000000000000000e+00
2.048235835822069875e-02
4.096471671644139750e-02
6.144707507466209973e-02
8.192943343288279501e-02
1.024117917911034903e-01
1.228941501493241995e-01
1.433765085075448809e-01
1.638588668657655900e-01
1.843412252239862992e-01
2.048235835822069806e-01
2.253059419404276897e-01
2.457883002986483989e-01
2.662706586568691081e-01
2.867530170150897617e-01
3.072353753733104709e-01
3.277177337315311800e-01
3.482000920897518892e-01
3.686824504479725984e-01
3.891648088061932520e-01
4.096471671644139612e-01
4.301295255226346703e-01
4.506118838808553795e-01
4.710942422390760886e-01
4.915766005972967978e-01
5.120589589555174515e-01
5.325413173137382161e-01
5.530236756719588698e-01
5.735060340301795234e-01
5.939883923884002881e-01
6.144707507466209417e-01
6.349531091048417064e-01
6.554354674630623601e-01
6.759178258212830137e-01
6.964001841795037784e-01
7.168825425377244320e-01
7.373649008959451967e-01
7.578472592541658504e-01
7.783296176123865040e-01
7.988119759706072687e-01
8.192943343288279223e-01
8.397766926870486870e-01
8.602590510452693406e-01
8.807414094034899943e-01
9.012237677617107590e-01
9.217061261199314126e-01
9.421884844781521773e-01
9.626708428363728309e-01
9.831532011945935956e-01
1.003635559552814138e+00
1.024117917911034903e+00
1.044600276269255668e+00
1.065082634627476432e+00
1.085564992985696975e+00
1.106047351343917740e+00
1.126529709702138504e+00
1.147012068060359047e+00
1.167494426418579812e+00
1.187976784776800576e+00
1.208760988306555539e+00
1.229545191836310281e+00
1.250329395366065244e+00
1.271113598895820207e+00
1.291897802425575170e+00
1.312682005955330133e+00
1.333466209485084875e+00
1.354250413014839838e+00
1.375034616544594801e+00
1.395818820074349542e+00
1.416603023604104505e+00
1.437387227133859469e+00
1.458171430663614432e+00
1.478955634193369395e+00
1.499739837723124136e+00
1.520524041252879099e+00
1.541308244782634063e+00
1.562092448312388804e+00
1.582876651842143767e+00
1.603660855371898730e+00
1.624445058901653693e+00
1.645229262431408657e+00
1.666013465961163398e+00
1.686797669490918361e+00
1.707581873020673324e+00
1.728366076550428065e+00
1.749150280080183029e+00
1.769934483609937992e+00
1.790718687139692955e+00
1.811502890669447918e+00
1.832287094199202659e+00
1.853071297728957623e+00
1.873855501258712586e+00
1.894329492795486125e+00
1.914803484332259664e+00
1.935277475869032981e+00
1.955751467405806521e+00
1.976225458942580060e+00
1.996699450479353599e+00
2.017173442016126916e+00
2.037647433552900456e+00
2.058121425089673995e+00
2.078595416626447534e+00
2.099069408163221073e+00
2.119543399699994612e+00
2.140017391236768152e+00
2.160491382773541691e+00
2.180965374310314786e+00
2.201439365847088325e+00
2.221913357383861864e+00
2.242387348920635404e+00
2.262861340457408943e+00
2.283335331994182482e+00
2.303809323530956021e+00
2.324283315067729561e+00
2.344757306604503100e+00
2.365231298141276639e+00
2.385705289678050178e+00
2.406179281214823273e+00
2.426653272751596813e+00
2.447127264288370352e+00
2.467601255825143891e+00
2.488075247361917430e+00
2.508549238898690970e+00
2.529023230435464509e+00
2.549497221972238048e+00
2.569971213509011143e+00
2.590445205045784682e+00
2.610919196582558222e+00
2.631393188119331761e+00
2.651867179656105300e+00
2.672341171192878839e+00
2.692815162729652378e+00
2.713289154266425918e+00
2.733763145803199457e+00
2.754237137339972996e+00
2.774711128876746535e+00
2.795185120413520075e+00
2.815659111950293170e+00
2.836133103487066709e+00
2.856607095023840248e+00
2.877081086560613787e+00
2.897555078097387327e+00
2.918029069634160866e+00
2.938503061170933961e+00
2.958977052707707500e+00
2.979451044244481039e+00
2.999925035781254579e+00
3.020399027318028118e+00
3.040873018854801657e+00
3.061347010391575196e+00
3.081821001928348736e+00
3.102294993465122275e+00
3.122768985001895814e+00
3.143242976538669353e+00
3.163716968075442892e+00
3.184190959612216432e+00
3.204664951148989971e+00
3.225138942685763510e+00
3.245612934222536605e+00
3.266991279076342458e+00
3.288369623930148311e+00
3.309747968783954608e+00
3.331126313637760461e+00
3.352504658491566314e+00
3.373883003345372167e+00
3.395261348199178020e+00
3.416639693052984317e+00
3.438018037906790170e+00
3.459396382760596023e+00
3.480774727614401876e+00
3.502153072468207728e+00
3.523531417322013581e+00
3.544909762175819878e+00
3.566288107029625731e+00
3.587666451883431584e+00
3.608148810241652349e+00
3.628631168599873114e+00
3.649113526958093878e+00
3.669595885316314199e+00
3.690078243674534964e+00
3.710560602032755728e+00
3.731042960390976493e+00
3.751525318749197258e+00
3.772007677107418022e+00
3.792490035465638343e+00
3.812972393823859107e+00
3.833454752182079872e+00
3.853937110540300637e+00
3.874419468898521401e+00
3.894901827256742166e+00
3.915384185614962931e+00
3.935866543973183695e+00
3.956348902331404016e+00
3.976831260689624781e+00
3.997313619047845545e+00
4.017795977406065866e+00
4.038278335764286631e+00
4.058760694122507395e+00
4.079243052480728160e+00
4.099725410838948925e+00
4.120207769197169689e+00
4.140690127555390454e+00
4.161172485913611219e+00
4.181654844271831983e+00
4.202137202630052748e+00
4.222619560988273513e+00
4.243101919346494277e+00
4.263584277704714154e+00
4.284066636062934919e+00
4.304548994421155683e+00
4.325031352779376448e+00
4.345513711137597213e+00
4.365996069495817977e+00
4.386478427854038742e+00
4.406960786212259507e+00
4.427443144570480271e+00
4.447925502928701036e+00
4.468407861286921801e+00
4.488890219645142565e+00
4.509372578003363330e+00
4.529854936361584095e+00
4.550337294719804859e+00
4.570819653078025624e+00
4.591302011436245500e+00
4.611784369794466265e+00
4.632266728152687030e+00
4.652749086510907794e+00
4.673231444869128559e+00
4.693713803227349324e+00
4.714196161585570088e+00
4.734678519943790853e+00
4.755160878302011618e+00
4.775643236660232382e+00
4.796427440189987124e+00
4.817211643719741865e+00
4.837995847249497494e+00
4.858780050779252235e+00
4.879564254309006976e+00
4.900348457838761718e+00
4.921132661368516459e+00
4.941916864898271200e+00
4.962701068428026829e+00
4.983485271957781571e+00
5.004269475487536312e+00
5.025053679017291053e+00
5.045837882547045794e+00
5.066622086076801423e+00
5.087406289606556165e+00
5.108190493136310906e+00
5.128974696666065647e+00
5.149758900195820388e+00
5.170543103725576017e+00
5.191327307255330759e+00
5.212111510785085500e+00
5.232895714314840241e+00
5.253679917844594982e+00
5.274464121374350611e+00
5.295248324904105353e+00
5.316032528433860094e+00
5.336816731963614835e+00
5.357600935493369576e+00
5.378385139023125205e+00
5.399169342552879947e+00
5.419953546082634688e+00
5.440737749612389429e+00
5.461521953142144170e+00
5.481995944678917709e+00
5.502469936215691249e+00
5.522943927752464788e+00
5.543417919289238327e+00
5.563891910826011866e+00
5.584365902362785405e+00
5.604839893899558945e+00
5.625313885436332484e+00
5.645787876973106023e+00
5.666261868509879562e+00
5.686735860046652213e+00
5.707209851583425753e+00
5.727683843120199292e+00
5.748157834656972831e+00
5.768631826193746370e+00
5.789105817730519910e+00
5.809579809267293449e+00
5.830053800804066988e+00
5.850527792340840527e+00
5.871001783877614066e+00
5.891475775414387606e+00
5.911949766951161145e+00
5.932423758487934684e+00
5.952897750024708223e+00
5.973371741561481763e+00
5.993845733098255302e+00
6.014319724635028841e+00
6.034793716171802380e+00
6.055267707708575031e+00
6.075741699245348570e+00
6.096215690782122110e+00
6.116689682318895649e+00
6.137163673855669188e+00
6.157637665392442727e+00
6.178111656929216267e+00
6.198585648465989806e+00
6.219059640002763345e+00
6.239533631539536884e+00
6.260007623076310423e+00
6.280481614613083963e+00
6.300955606149857502e+00
6.321429597686631041e+00
6.341903589223404580e+00
6.362377580760178120e+00
6.382851572296951659e+00
6.403325563833725198e+00
6.423799555370498737e+00
6.444273546907272276e+00
6.464747538444045816e+00
6.485221529980819355e+00
6.505695521517592894e+00
6.526169513054365545e+00
6.546643504591139084e+00
6.567117496127912624e+00
6.587591487664686163e+00
6.608065479201459702e+00
6.628539470738233241e+00
6.649013462275006781e+00
6.669487453811780320e+00
6.689961445348553859e+00
6.710435436885327398e+00
6.730909428422100937e+00
6.751383419958874477e+00
6.771857411495648016e+00
6.792331403032421555e+00
6.812805394569195094e+00
6.833279386105967745e+00
6.833279386105967745e+00
6.854657730959774042e+00
6.876036075813579451e+00
6.897414420667385748e+00
6.918792765521191157e+00
6.940171110374997454e+00
6.961549455228803751e+00
6.982927800082609160e+00
7.004306144936415457e+00
7.025684489790220866e+00
7.047062834644027163e+00
7.068441179497833460e+00
7.089819524351638869e+00
7.111197869205445166e+00
7.132576214059250574e+00
7.153954558913056871e+00
7.175332903766863168e+00
7.175332903766863168e+00
7.196711248620669465e+00
7.218089593474474874e+00
7.239467938328281171e+00
7.260846283182086580e+00
7.282224628035892877e+00
7.303602972889699174e+00
7.324981317743504583e+00
7.346359662597310880e+00
7.367738007451116289e+00
7.389116352304922586e+00
7.410494697158728883e+00
7.431873042012534292e+00
7.453251386866340589e+00
7.474629731720145998e+00
7.496008076573952295e+00
7.517386421427758592e+00
