KPATH generated by pytray
358
reciprocal
0.000000000	0.000000000	0.000000000
0.008771930	0.000000000	0.000000000
0.017543860	0.000000000	0.000000000
0.026315789	0.000000000	0.000000000
0.035087719	0.000000000	0.000000000
0.043859649	0.000000000	0.000000000
0.052631579	0.000000000	0.000000000
0.061403509	0.000000000	0.000000000
0.070175439	0.000000000	0.000000000
0.078947368	0.000000000	0.000000000
0.087719298	0.000000000	0.000000000
0.096491228	0.000000000	0.000000000
0.105263158	0.000000000	0.000000000
0.114035088	0.000000000	0.000000000
0.122807018	0.000000000	0.000000000
0.131578947	0.000000000	0.000000000
0.140350877	0.000000000	0.000000000
0.149122807	0.000000000	0.000000000
0.157894737	0.000000000	0.000000000
0.166666667	0.000000000	0.000000000
0.175438596	0.000000000	0.000000000
0.184210526	0.000000000	0.000000000
0.192982456	0.000000000	0.000000000
0.201754386	0.000000000	0.000000000
0.210526316	0.000000000	0.000000000
0.219298246	0.000000000	0.000000000
0.228070175	0.000000000	0.000000000
0.236842105	0.000000000	0.000000000
0.245614035	0.000000000	0.000000000
0.254385965	0.000000000	0.000000000
0.263157895	0.000000000	0.000000000
0.271929825	0.000000000	0.000000000
0.280701754	0.000000000	0.000000000
0.289473684	0.000000000	0.000000000
0.298245614	0.000000000	0.000000000
0.307017544	0.000000000	0.000000000
0.315789474	0.000000000	0.000000000
0.324561404	0.000000000	0.000000000
0.333333333	0.000000000	0.000000000
0.342105263	0.000000000	0.000000000
0.350877193	0.000000000	0.000000000
0.359649123	0.000000000	0.000000000
0.368421053	0.000000000	0.000000000
0.377192982	0.000000000	0.000000000
0.385964912	0.000000000	0.000000000
0.394736842	0.000000000	0.000000000
0.403508772	0.000000000	0.000000000
0.412280702	0.000000000	0.000000000
0.421052632	0.000000000	0.000000000
0.429824561	0.000000000	0.000000000
0.438596491	0.000000000	0.000000000
0.447368421	0.000000000	0.000000000
0.456140351	0.000000000	0.000000000
0.464912281	0.000000000	0.000000000
0.473684211	0.000000000	0.000000000
0.482456140	0.000000000	0.000000000
0.491228070	0.000000000	0.000000000
0.500000000	0.000000000	0.000000000
0.494791667	0.010416667	0.000000000
0.489583333	0.020833333	0.000000000
0.484375000	0.031250000	0.000000000
0.479166667	0.041666667	0.000000000
0.473958333	0.052083333	0.000000000
0.468750000	0.062500000	0.000000000
0.463541667	0.072916667	0.000000000
0.458333333	0.083333333	0.000000000
0.453125000	0.093750000	0.000000000
0.447916667	0.104166667	0.000000000
0.442708333	0.114583333	0.000000000
0.437500000	0.125000000	0.000000000
0.432291667	0.135416667	0.000000000
0.427083333	0.145833333	0.000000000
0.421875000	0.156250000	0.000000000
0.416666667	0.166666667	0.000000000
0.411458333	0.177083333	0.000000000
0.406250000	0.187500000	0.000000000
0.401041667	0.197916667	0.000000000
0.395833333	0.208333333	0.000000000
0.390625000	0.218750000	0.000000000
0.385416667	0.229166667	0.000000000
0.380208333	0.239583333	0.000000000
0.375000000	0.250000000	0.000000000
0.369791667	0.260416667	0.000000000
0.364583333	0.270833333	0.000000000
0.359375000	0.281250000	0.000000000
0.354166667	0.291666667	0.000000000
0.348958333	0.302083333	0.000000000
0.343750000	0.312500000	0.000000000
0.338541667	0.322916667	0.000000000
0.333333333	0.333333333	0.000000000
0.328282828	0.328282828	0.000000000
0.323232323	0.323232323	0.000000000
0.318181818	0.318181818	0.000000000
0.313131313	0.313131313	0.000000000
0.308080808	0.308080808	0.000000000
0.303030303	0.303030303	0.000000000
0.297979798	0.297979798	0.000000000
0.292929293	0.292929293	0.000000000
0.287878788	0.287878788	0.000000000
0.282828283	0.282828283	0.000000000
0.277777778	0.277777778	0.000000000
0.272727273	0.272727273	0.000000000
0.267676768	0.267676768	0.000000000
0.262626263	0.262626263	0.000000000
0.257575758	0.257575758	0.000000000
0.252525253	0.252525253	0.000000000
0.247474747	0.247474747	0.000000000
0.242424242	0.242424242	0.000000000
0.237373737	0.237373737	0.000000000
0.232323232	0.232323232	0.000000000
0.227272727	0.227272727	0.000000000
0.222222222	0.222222222	0.000000000
0.217171717	0.217171717	0.000000000
0.212121212	0.212121212	0.000000000
0.207070707	0.207070707	0.000000000
0.202020202	0.202020202	0.000000000
0.196969697	0.196969697	0.000000000
0.191919192	0.191919192	0.000000000
0.186868687	0.186868687	0.000000000
0.181818182	0.181818182	0.000000000
0.176767677	0.176767677	0.000000000
0.171717172	0.171717172	0.000000000
0.166666667	0.166666667	0.000000000
0.161616162	0.161616162	0.000000000
0.156565657	0.156565657	0.000000000
0.151515152	0.151515152	0.000000000
0.146464646	0.146464646	0.000000000
0.141414141	0.141414141	0.000000000
0.136363636	0.136363636	0.000000000
0.131313131	0.131313131	0.000000000
0.126262626	0.126262626	0.000000000
0.121212121	0.121212121	0.000000000
0.116161616	0.116161616	0.000000000
0.111111111	0.111111111	0.000000000
0.106060606	0.106060606	0.000000000
0.101010101	0.101010101	0.000000000
0.095959596	0.095959596	0.000000000
0.090909091	0.090909091	0.000000000
0.085858586	0.085858586	0.000000000
0.080808081	0.080808081	0.000000000
0.075757576	0.075757576	0.000000000
0.070707071	0.070707071	0.000000000
0.065656566	0.065656566	0.000000000
0.060606061	0.060606061	0.000000000
0.055555556	0.055555556	0.000000000
0.050505051	0.050505051	0.000000000
0.045454545	0.045454545	0.000000000
0.040404040	0.040404040	0.000000000
0.035353535	0.035353535	0.000000000
0.030303030	0.030303030	0.000000000
0.025252525	0.025252525	0.000000000
0.020202020	0.020202020	0.000000000
0.015151515	0.015151515	0.000000000
0.010101010	0.010101010	0.000000000
0.005050505	0.005050505	0.000000000
0.000000000	0.000000000	0.000000000
0.000000000	0.000000000	0.033333333
0.000000000	0.000000000	0.066666667
0.000000000	0.000000000	0.100000000
0.000000000	0.000000000	0.133333333
0.000000000	0.000000000	0.166666667
0.000000000	0.000000000	0.200000000
0.000000000	0.000000000	0.233333333
0.000000000	0.000000000	0.266666667
0.000000000	0.000000000	0.300000000
0.000000000	0.000000000	0.333333333
0.000000000	0.000000000	0.366666667
0.000000000	0.000000000	0.400000000
0.000000000	0.000000000	0.433333333
0.000000000	0.000000000	0.466666667
0.000000000	0.000000000	0.500000000
0.008771930	0.000000000	0.500000000
0.017543860	0.000000000	0.500000000
0.026315789	0.000000000	0.500000000
0.035087719	0.000000000	0.500000000
0.043859649	0.000000000	0.500000000
0.052631579	0.000000000	0.500000000
0.061403509	0.000000000	0.500000000
0.070175439	0.000000000	0.500000000
0.078947368	0.000000000	0.500000000
0.087719298	0.000000000	0.500000000
0.096491228	0.000000000	0.500000000
0.105263158	0.000000000	0.500000000
0.114035088	0.000000000	0.500000000
0.122807018	0.000000000	0.500000000
0.131578947	0.000000000	0.500000000
0.140350877	0.000000000	0.500000000
0.149122807	0.000000000	0.500000000
0.157894737	0.000000000	0.500000000
0.166666667	0.000000000	0.500000000
0.175438596	0.000000000	0.500000000
0.184210526	0.000000000	0.500000000
0.192982456	0.000000000	0.500000000
0.201754386	0.000000000	0.500000000
0.210526316	0.000000000	0.500000000
0.219298246	0.000000000	0.500000000
0.228070175	0.000000000	0.500000000
0.236842105	0.000000000	0.500000000
0.245614035	0.000000000	0.500000000
0.254385965	0.000000000	0.500000000
0.263157895	0.000000000	0.500000000
0.271929825	0.000000000	0.500000000
0.280701754	0.000000000	0.500000000
0.289473684	0.000000000	0.500000000
0.298245614	0.000000000	0.500000000
0.307017544	0.000000000	0.500000000
0.315789474	0.000000000	0.500000000
0.324561404	0.000000000	0.500000000
0.333333333	0.000000000	0.500000000
0.342105263	0.000000000	0.500000000
0.350877193	0.000000000	0.500000000
0.359649123	0.000000000	0.500000000
0.368421053	0.000000000	0.500000000
0.377192982	0.000000000	0.500000000
0.385964912	0.000000000	0.500000000
0.394736842	0.000000000	0.500000000
0.403508772	0.000000000	0.500000000
0.412280702	0.000000000	0.500000000
0.421052632	0.000000000	0.500000000
0.429824561	0.000000000	0.500000000
0.438596491	0.000000000	0.500000000
0.447368421	0.000000000	0.500000000
0.456140351	0.000000000	0.500000000
0.464912281	0.000000000	0.500000000
0.473684211	0.000000000	0.500000000
0.482456140	0.000000000	0.500000000
0.491228070	0.000000000	0.500000000
0.500000000	0.000000000	0.500000000
0.494791667	0.010416667	0.500000000
0.489583333	0.020833333	0.500000000
0.484375000	0.031250000	0.500000000
0.479166667	0.041666667	0.500000000
0.473958333	0.052083333	0.500000000
0.468750000	0.062500000	0.500000000
0.463541667	0.072916667	0.500000000
0.458333333	0.083333333	0.500000000
0.453125000	0.093750000	0.500000000
0.447916667	0.104166667	0.500000000
0.442708333	0.114583333	0.500000000
0.437500000	0.125000000	0.500000000
0.432291667	0.135416667	0.500000000
0.427083333	0.145833333	0.500000000
0.421875000	0.156250000	0.500000000
0.416666667	0.166666667	0.500000000
0.411458333	0.177083333	0.500000000
0.406250000	0.187500000	0.500000000
0.401041667	0.197916667	0.500000000
0.395833333	0.208333333	0.500000000
0.390625000	0.218750000	0.500000000
0.385416667	0.229166667	0.500000000
0.380208333	0.239583333	0.500000000
0.375000000	0.250000000	0.500000000
0.369791667	0.260416667	0.500000000
0.364583333	0.270833333	0.500000000
0.359375000	0.281250000	0.500000000
0.354166667	0.291666667	0.500000000
0.348958333	0.302083333	0.500000000
0.343750000	0.312500000	0.500000000
0.338541667	0.322916667	0.500000000
0.333333333	0.333333333	0.500000000
0.328282828	0.328282828	0.500000000
0.323232323	0.323232323	0.500000000
0.318181818	0.318181818	0.500000000
0.313131313	0.313131313	0.500000000
0.308080808	0.308080808	0.500000000
0.303030303	0.303030303	0.500000000
0.297979798	0.297979798	0.500000000
0.292929293	0.292929293	0.500000000
0.287878788	0.287878788	0.500000000
0.282828283	0.282828283	0.500000000
0.277777778	0.277777778	0.500000000
0.272727273	0.272727273	0.500000000
0.267676768	0.267676768	0.500000000
0.262626263	0.262626263	0.500000000
0.257575758	0.257575758	0.500000000
0.252525253	0.252525253	0.500000000
0.247474747	0.247474747	0.500000000
0.242424242	0.242424242	0.500000000
0.237373737	0.237373737	0.500000000
0.232323232	0.232323232	0.500000000
0.227272727	0.227272727	0.500000000
0.222222222	0.222222222	0.500000000
0.217171717	0.217171717	0.500000000
0.212121212	0.212121212	0.500000000
0.207070707	0.207070707	0.500000000
0.202020202	0.202020202	0.500000000
0.196969697	0.196969697	0.500000000
0.191919192	0.191919192	0.500000000
0.186868687	0.186868687	0.500000000
0.181818182	0.181818182	0.500000000
0.176767677	0.176767677	0.500000000
0.171717172	0.171717172	0.500000000
0.166666667	0.166666667	0.500000000
0.161616162	0.161616162	0.500000000
0.156565657	0.156565657	0.500000000
0.151515152	0.151515152	0.500000000
0.146464646	0.146464646	0.500000000
0.141414141	0.141414141	0.500000000
0.136363636	0.136363636	0.500000000
0.131313131	0.131313131	0.500000000
0.126262626	0.126262626	0.500000000
0.121212121	0.121212121	0.500000000
0.116161616	0.116161616	0.500000000
0.111111111	0.111111111	0.500000000
0.106060606	0.106060606	0.500000000
0.101010101	0.101010101	0.500000000
0.095959596	0.095959596	0.500000000
0.090909091	0.090909091	0.500000000
0.085858586	0.085858586	0.500000000
0.080808081	0.080808081	0.500000000
0.075757576	0.075757576	0.500000000
0.070707071	0.070707071	0.500000000
0.065656566	0.065656566	0.500000000
0.060606061	0.060606061	0.500000000
0.055555556	0.055555556	0.500000000
0.050505051	0.050505051	0.500000000
0.045454545	0.045454545	0.500000000
0.040404040	0.040404040	0.500000000
0.035353535	0.035353535	0.500000000
0.030303030	0.030303030	0.500000000
0.025252525	0.025252525	0.500000000
0.020202020	0.020202020	0.500000000
0.015151515	0.015151515	0.500000000
0.010101010	0.010101010	0.500000000
0.005050505	0.005050505	0.500000000
0.000000000	0.000000000	0.500000000
0.500000000	0.000000000	0.500000000
0.500000000	0.000000000	0.466666667
0.500000000	0.000000000	0.433333333
0.500000000	0.000000000	0.400000000
0.500000000	0.000000000	0.366666667
0.500000000	0.000000000	0.333333333
0.500000000	0.000000000	0.300000000
0.500000000	0.000000000	0.266666667
0.500000000	0.000000000	0.233333333
0.500000000	0.000000000	0.200000000
0.500000000	0.000000000	0.166666667
0.500000000	0.000000000	0.133333333
0.500000000	0.000000000	0.100000000
0.500000000	0.000000000	0.066666667
0.500000000	0.000000000	0.033333333
0.500000000	0.000000000	0.000000000
0.333333333	0.333333333	0.500000000
0.333333333	0.333333333	0.466666667
0.333333333	0.333333333	0.433333333
0.333333333	0.333333333	0.400000000
0.333333333	0.333333333	0.366666667
0.333333333	0.333333333	0.333333333
0.333333333	0.333333333	0.300000000
0.333333333	0.333333333	0.266666667
0.333333333	0.333333333	0.233333333
0.333333333	0.333333333	0.200000000
0.333333333	0.333333333	0.166666667
0.333333333	0.333333333	0.133333333
0.333333333	0.333333333	0.100000000
0.333333333	0.333333333	0.066666667
0.333333333	0.333333333	0.033333333
0.333333333	0.333333333	0.000000000
