0.000000000000000000e+00
2.058555225804746536e-02
4.117110451609493071e-02
6.175665677414239607e-02
8.234220903218986143e-02
1.029277612902373268e-01
1.235133135482847921e-01
1.440988658063322436e-01
1.646844180643797229e-01
1.852699703224272021e-01
2.058555225804746536e-01
2.264410748385221051e-01
2.470266270965695843e-01
2.676121793546170635e-01
2.881977316126644872e-01
3.087832838707119665e-01
3.293688361287594457e-01
3.499543883868069249e-01
3.705399406448544042e-01
3.911254929029018279e-01
4.117110451609493071e-01
4.322965974189967864e-01
4.528821496770442101e-01
4.734677019350916893e-01
4.940532541931391686e-01
5.146388064511866478e-01
5.352243587092341270e-01
5.558099109672816063e-01
5.763954632253289745e-01
5.969810154833764537e-01
6.175665677414239330e-01
6.381521199994714122e-01
6.587376722575188914e-01
6.793232245155663707e-01
6.999087767736138499e-01
7.204943290316613291e-01
7.410798812897088084e-01
7.616654335477561766e-01
7.822509858058036558e-01
8.028365380638511350e-01
8.234220903218986143e-01
8.440076425799460935e-01
8.645931948379935728e-01
8.851787470960410520e-01
9.057642993540884202e-01
9.263498516121358994e-01
9.469354038701833787e-01
9.675209561282308579e-01
9.881065083862783371e-01
1.008692060644325705e+00
1.029277612902373296e+00
1.049863165160420664e+00
1.070448717418468254e+00
1.091034269676515622e+00
1.111619821934563213e+00
1.132205374192610581e+00
1.152790926450657949e+00
1.173376478708705539e+00
1.194546767016307021e+00
1.215717055323908502e+00
1.236887343631509983e+00
1.258057631939111243e+00
1.279227920246712724e+00
1.300398208554314206e+00
1.321568496861915687e+00
1.342738785169517168e+00
1.363909073477118650e+00
1.385079361784720131e+00
1.406249650092321613e+00
1.427419938399923094e+00
1.448590226707524575e+00
1.469760515015125835e+00
1.490930803322727316e+00
1.512101091630328797e+00
1.533271379937930279e+00
1.554441668245531760e+00
1.575611956553133020e+00
1.596782244860734501e+00
1.617952533168335982e+00
1.639122821475937464e+00
1.660293109783538945e+00
1.681463398091140427e+00
1.702633686398741908e+00
1.723803974706343389e+00
1.744974263013944871e+00
1.766144551321546352e+00
1.787314839629147833e+00
1.808485127936749093e+00
1.829655416244350574e+00
1.850825704551952056e+00
1.871354468971444307e+00
1.891883233390936780e+00
1.912411997810429032e+00
1.932940762229921283e+00
1.953469526649413535e+00
1.973998291068906008e+00
1.994527055488398259e+00
2.015055819907890733e+00
2.035584584327382984e+00
2.056113348746875236e+00
2.076642113166367487e+00
2.097170877585859738e+00
2.117699642005351990e+00
2.138228406424844685e+00
2.158757170844336937e+00
2.179285935263829188e+00
2.199814699683321439e+00
2.220343464102813691e+00
2.240872228522305942e+00
2.261400992941798194e+00
2.281929757361290889e+00
2.302458521780783141e+00
2.322987286200275392e+00
2.343516050619767643e+00
2.364044815039259895e+00
2.384573579458752146e+00
2.405102343878244398e+00
2.425631108297737093e+00
2.446159872717228900e+00
2.466688637136721596e+00
2.487217401556213847e+00
2.507746165975706099e+00
2.528274930395198350e+00
2.548803694814690601e+00
2.569332459234183297e+00
2.589861223653675104e+00
2.610389988073167800e+00
2.630918752492660051e+00
2.651447516912152302e+00
2.671976281331644554e+00
2.692505045751136805e+00
2.713033810170629501e+00
2.733562574590121308e+00
2.754091339009614003e+00
2.774620103429106255e+00
2.795148867848598506e+00
2.815677632268090758e+00
2.836206396687583009e+00
2.856735161107075704e+00
2.877263925526567512e+00
2.897792689946060207e+00
2.918321454365552459e+00
2.938850218785044710e+00
2.959378983204536961e+00
2.979907747624029213e+00
3.000436512043521908e+00
3.020965276463013716e+00
3.041494040882506411e+00
3.062022805301998662e+00
3.082551569721490914e+00
3.103080334140983165e+00
3.123609098560475417e+00
3.144137862979968112e+00
3.164666627399459919e+00
3.185195391818952615e+00
3.205724156238444866e+00
3.228292955392297880e+00
3.250861754546151339e+00
3.273430553700004353e+00
3.295999352853857367e+00
3.318568152007710825e+00
3.341136951161563839e+00
3.363705750315416854e+00
3.386274549469270312e+00
3.408843348623123326e+00
3.431412147776976340e+00
3.453980946930829798e+00
3.476549746084682813e+00
3.499118545238535827e+00
3.521687344392389285e+00
3.544256143546242299e+00
3.564841695804289667e+00
3.585427248062337036e+00
3.606012800320384848e+00
3.626598352578432216e+00
3.647183904836479584e+00
3.667769457094526953e+00
3.688355009352574321e+00
3.708940561610622133e+00
3.729526113868669501e+00
3.750111666126716869e+00
3.770697218384764238e+00
3.791282770642812050e+00
3.811868322900859418e+00
3.832453875158906786e+00
3.853039427416954155e+00
3.873624979675001967e+00
3.894210531933049335e+00
3.914796084191096703e+00
3.935381636449144072e+00
3.955967188707191440e+00
3.976552740965239252e+00
3.997138293223286620e+00
4.017723845481333989e+00
4.038309397739381801e+00
4.058894949997428725e+00
4.079480502255476537e+00
4.100066054513524350e+00
4.120651606771571274e+00
4.141237159029619086e+00
4.161822711287666010e+00
4.182408263545713822e+00
4.202993815803761635e+00
4.223579368061808559e+00
4.244164920319856371e+00
4.264750472577903295e+00
4.285336024835951108e+00
4.305921577093998920e+00
4.326507129352045844e+00
4.347092681610093656e+00
4.367678233868140580e+00
4.388263786126188393e+00
4.408849338384236205e+00
4.429434890642283129e+00
4.450020442900330941e+00
4.470605995158377866e+00
4.491191547416425678e+00
4.511777099674473490e+00
4.532362651932520414e+00
4.552948204190568227e+00
4.573533756448615151e+00
4.594119308706662963e+00
4.614704860964710775e+00
4.635290413222757699e+00
4.655875965480805512e+00
4.676461517738852436e+00
4.697047069996900248e+00
4.717632622254948060e+00
4.738802910562549542e+00
4.759973198870151023e+00
4.781143487177752505e+00
4.802313775485353986e+00
4.823484063792955467e+00
4.844654352100556949e+00
4.865824640408158430e+00
4.886994928715759912e+00
4.908165217023361393e+00
4.929335505330962874e+00
4.950505793638564356e+00
4.971676081946165837e+00
4.992846370253767319e+00
5.014016658561368800e+00
5.035186946868970281e+00
5.056357235176571763e+00
5.077527523484173244e+00
5.098697811791773837e+00
5.119868100099375319e+00
5.141038388406976800e+00
5.162208676714578282e+00
5.183378965022179763e+00
5.204549253329781244e+00
5.225719541637382726e+00
5.246889829944984207e+00
5.268060118252585688e+00
5.289230406560187170e+00
5.310400694867788651e+00
5.331570983175390133e+00
5.352741271482991614e+00
5.373911559790593095e+00
5.395081848098194577e+00
5.415610612517687272e+00
5.436139376937179080e+00
5.456668141356671775e+00
5.477196905776163582e+00
5.497725670195656278e+00
5.518254434615148085e+00
5.538783199034640781e+00
5.559311963454133476e+00
5.579840727873625283e+00
5.600369492293117979e+00
5.620898256712609786e+00
5.641427021132102482e+00
5.661955785551594289e+00
5.682484549971086984e+00
5.703013314390579680e+00
5.723542078810071487e+00
5.744070843229564183e+00
5.764599607649055990e+00
5.785128372068548686e+00
5.805657136488040493e+00
5.826185900907533188e+00
5.846714665327025884e+00
5.867243429746517691e+00
5.887772194166010387e+00
5.908300958585502194e+00
5.928829723004994889e+00
5.949358487424486697e+00
5.969887251843979392e+00
5.990416016263472088e+00
6.010944780682963895e+00
6.031473545102456590e+00
6.052002309521948398e+00
6.072531073941441093e+00
6.093059838360932901e+00
6.113588602780425596e+00
6.134117367199918291e+00
6.154646131619410099e+00
6.175174896038902794e+00
6.195703660458394602e+00
6.216232424877887297e+00
6.236761189297379104e+00
6.257289953716871800e+00
6.277818718136364495e+00
6.298347482555856303e+00
6.318876246975348998e+00
6.339405011394840805e+00
6.359933775814333501e+00
6.380462540233825308e+00
6.400991304653318004e+00
6.421520069072810699e+00
6.442048833492302506e+00
6.462577597911795202e+00
6.483106362331287009e+00
6.503635126750779705e+00
6.524163891170271512e+00
6.544692655589764207e+00
6.565221420009256903e+00
6.585750184428748710e+00
6.606278948848241406e+00
6.626807713267733213e+00
6.647336477687225909e+00
6.667865242106717716e+00
6.688394006526210411e+00
6.708922770945703107e+00
6.729451535365194914e+00
6.749980299784687610e+00
6.749980299784687610e+00
6.772549098938540624e+00
6.795117898092393638e+00
6.817686697246246652e+00
6.840255496400100554e+00
6.862824295553953569e+00
6.885393094707806583e+00
6.907961893861659597e+00
6.930530693015512611e+00
6.953099492169365625e+00
6.975668291323219528e+00
6.998237090477072542e+00
7.020805889630925556e+00
7.043374688784778570e+00
7.065943487938631584e+00
7.088512287092484598e+00
7.088512287092484598e+00
7.111081086246337613e+00
7.133649885400190627e+00
7.156218684554044529e+00
7.178787483707897543e+00
7.201356282861750557e+00
7.223925082015603572e+00
7.246493881169456586e+00
7.269062680323309600e+00
7.291631479477162614e+00
7.314200278631016516e+00
7.336769077784869530e+00
7.359337876938722545e+00
7.381906676092575559e+00
7.404475475246428573e+00
7.427044274400281587e+00
